A (70.471215880893297, 423.99702233250616)
B(114.54466501240695, 411.03424317617862)
C(161.21066997518614, 396.77518610421834)
D(208.86458333333331, 383.27083333333326)
E(263.70833333333326, 364.98958333333326)
F(280.63541666666663, 415.77083333333326)
G(333.44791666666663, 400.19791666666657)
H(357.82291666666663, 391.39583333333326)
I(385.58333333333326, 382.59374999999989)
J(363.91666666666663, 310.82291666666663)
K(336.15624999999989, 229.57291666666663)
L(288.76041666666663, 245.82291666666663)
M(229.17708333333326, 262.07291666666663)
N(179.07291666666663, 278.99999999999994)
O(127.61458333333331, 295.24999999999994)
P(82.927083333333314, 311.49999999999994)
Q(37.5625, 324.36458333333326)
R(20.635416666666686, 268.84374999999994)
S(5.7395833333333428, 216.03124999999994)
T(62.614583333333314, 138.16666666666663)
W(161.46874999999994, 54.208333333333314)
X(172.97916666666663, 103.63541666666663)
Y(187.19791666666663, 155.09375)
Z(204.80208333333331, 211.29166666666663)
U(322.61458333333326, 178.79166666666663)
V(367.97916666666663, 164.57291666666663)
1(355.11458333333326, 105.66666666666663)
2(336.15624999999989, 56.916666666666686)
3(321.26041666666663, 8.84375)
4(363.84136978921134, 310.747255707455)